1.988999999999999902e+30 -1.211965412521187067e+09 -4.046682448929051757e+08 3.164521388252007216e+07 8.057682907752782953e+00 -1.266412551527519881e+01 -7.185887038401936322e-02
1.897999999999999950e+27 5.437942671666712646e+11 5.072664985814992676e+11 -1.427069312658566093e+10 -9.058691052907048288e+03 1.017112270973835075e+04 1.603583374633719245e+02
5.683000000000000081e+26 1.336802946743664062e+12 -5.778404506029492188e+11 -4.317723700006783295e+10 3.294259763184355052e+03 8.848427751407525648e+03 -2.854073431636753639e+02
1.023999999999999914e+26 4.462532843190595703e+12 -2.815524117839462891e+11 -9.704544720391696167e+10 3.065117848801219793e+02 5.457311087393478374e+03 -1.190617604582769076e+02
8.681000000000000651e+25 1.847469280897938965e+12 2.278884568645805664e+12 -1.547049038272488022e+10 -5.340177439055414652e+03 3.971276813735476026e+03 8.389925971282319495e+01
5.972000000000000327e+24 4.625017439537078094e+10 1.392111211047498779e+11 2.322824967406690121e+07 -2.867429971337911047e+04 9.472262434931029929e+03 1.648452547406976110e-01
4.867000000000000069e+24 -8.423970895754832458e+10 6.761790422442736053e+10 5.756593900410439491e+09 -2.231757130127229175e+04 -2.728240000916611098e+04 9.136299647205312340e+02
6.417000000000000661e+23 -1.025548755015709991e+11 -2.034505463327984009e+11 -1.737772024397060156e+09 2.259909574114188217e+04 -8.757133643807945191e+03 -7.374707670197228708e+02
3.300999999999999780e+23 5.259463959250990295e+10 -1.409105952798547935e+10 -6.022186059696327209e+09 2.565070615228547013e+03 4.938178583659025026e+04 3.801953939325670945e+03
1.481900000000000047e+23 5.444811643440654297e+11 5.064480145764605103e+11 -1.429224759227963829e+10 -7.190180341908937862e+02 1.717719927473871212e+04 5.446872689273795913e+02
1.345500000000000068e+23 1.336057965171813965e+12 -5.769219922036412354e+11 -4.357667917355110931e+10 -1.115996943496021913e+03 6.197574033225839230e+03 1.521092763762022969e+03
1.075899999999999942e+23 5.439784558759820557e+11 5.053926763353133545e+11 -1.432698251373329926e+10 -9.035448934449590297e+02 1.103029121212330938e+04 2.961671546268572115e+02
8.932000000000000629e+22 5.441291645095419922e+11 5.070095237865486450e+11 -1.427478646772951126e+10 1.428080984769140059e+03 2.394243101047254822e+04 7.990808598420144335e+02
7.341999999999999685e+22 4.590943917694876862e+10 1.394260164303323059e+11 5.311797559497504681e+07 -2.920266106694336122e+04 8.663246410647452649e+03 -4.782154919351366829e+01
4.800000000000000000e+22 5.444456381913417358e+11 5.074421513940811768e+11 -1.425006682018434906e+10 -1.252885248795621919e+04 2.338090035154523866e+04 5.353747588065900800e+02
2.140000000000000210e+22 4.462283905866628906e+12 -2.818040082390543213e+11 -9.706963356277003479e+10 -1.831932323383337916e+03 7.249066887404039335e+03 3.268609110298888936e+03
1.303000000000000052e+22 2.561597063503513672e+12 -4.542618993275639648e+12 -2.548771219923356018e+11 4.891851170159276080e+03 1.488142397092836063e+03 -1.582243077075851943e+03
1.660000000000000000e+22 1.279956651423200000e+13 5.804842134972118164e+12 -2.724045491919191895e+12 -7.778536312521412128e+02 1.502336534171377025e+03 1.614952342178866047e+03
4.006000000000000000e+21 -5.692843417279212891e+12 -3.331137129610897949e+12 3.535966688786104004e+12 2.287155266464028045e+03 -3.106127282180076236e+03 -1.593896509124735132e+02
3.400000000000000000e+21 1.847823610388125000e+12 2.278842041832207031e+12 -1.521872708497631836e+10 -3.359586893440853146e+03 3.126914907374377890e+03 -2.851753762129674215e+03
3.100000000000000000e+21 -6.897845081381959961e+12 -1.110923922521225098e+12 3.646273394299994141e+12 2.148322704763538979e+02 -3.729377997157532718e+03 -4.959018614009174257e+02
3.080000000000000000e+21 1.846915632269088867e+12 2.278982278559539062e+12 -1.563129489674972916e+10 -6.108018474057164894e+03 4.563801417901631794e+03 3.074858005385753131e+03
2.307000000000000000e+21 1.336498702712882080e+12 -5.782092732957103271e+11 -4.295509025839806366e+10 1.019271727184488009e+04 4.249792023370167044e+03 1.507337730275414970e+03
1.806000000000000000e+21 1.336546308664900146e+12 -5.813132205517001953e+11 -4.232297766672959900e+10 6.470557666085179335e+03 8.564726973347818785e+03 -8.601825123061703380e+02
1.750000000000000000e+21 1.208424543497641016e+13 -5.672149451995914062e+12 -2.755428396151091919e+11 1.824310960630157069e+03 1.386234631086630998e+03 1.187618426219421963e+03
1.586000000000000000e+21 2.561593110400043945e+12 -4.542632058039725586e+12 -2.548911827059335938e+11 4.734214089088429319e+03 1.397038048109807960e+03 -1.453288390687409901e+03
1.280000000000000000e+21 1.847233387238896973e+12 2.278950106405080078e+12 -1.536868422117459869e+10 -3.438223169247640271e+03 4.148784248485069838e+03 4.358577273672753108e+03
1.250000000000000000e+21 1.847521477291006104e+12 2.278898500675331055e+12 -1.528735671138298988e+10 -1.718870828711293939e+02 2.651668700249807898e+03 -1.292245124420672937e+03
1.200000000000000000e+21 8.706465612906602783e+11 -6.265489696516071289e+12 8.878489985242554932e+11 4.526706436063699584e+03 7.862918171676622023e+02 -1.059487759897492865e+01
1.095000000000000000e+21 1.336647682300633057e+12 -5.775293967518045654e+11 -4.332497129112886810e+10 -5.808058745892041770e+03 5.566747315431706738e+03 2.316931630679833233e+03
9.393000000000000000e+20 -2.017662367199654846e+11 -3.565037142508069458e+11 2.570955900785835266e+10 1.470329237325226859e+04 -1.013548153341914986e+04 -3.027490283418560921e+03
6.170000000000000000e+20 1.336730757215825928e+12 -5.775844449033990479e+11 -4.330411949206622314e+10 -7.647304506521988515e+03 6.914649724033276470e+03 2.032965770429152826e+03
4.920000000000000000e+20 6.108043987021544922e+12 9.349496985285427246e+11 2.741382644345805176e+12 -3.676579726620917086e+02 4.244481247952364356e+03 1.693295600576045956e+02
1.500000000000000000e+21 6.174119570422698242e+12 1.056119419496167969e+13 -2.573365506055428223e+12 -4.266934301053466697e+03 1.088761900056065087e+03 3.376919381962189846e+02
6.320000000000000000e+20 -6.513255304529889648e+12 1.781568226826814941e+12 -2.459742734473698242e+12 -8.226082369097488254e+02 -3.689943045297893150e+03 -2.743375651491361964e+02
2.590760000000000000e+20 3.050857258292000961e+10 3.823784298215389404e+11 -1.519638360797019005e+10 -1.756621449887187919e+04 1.230354925662276173e+03 2.102742894545929175e+03
2.110810000000000000e+20 -3.360737894638328247e+11 -1.378889812593334045e+11 1.241249426864348907e+11 5.355351985710440204e+03 -1.548779812142784976e+04 1.026252362446668121e+04
8.670000000000000000e+19 4.385093289311360474e+11 -1.787012482610630188e+11 2.598655429270001221e+10 7.872394260164949628e+03 1.460324670281287945e+04 7.358814997972249330e+02
2.727000000000000000e+19 5.394428152196055603e+10 4.148883129174780273e+11 3.980509617983716583e+10 -1.698827963646372882e+04 5.224977693044624175e+03 -4.926140857817875258e+03
2.720000000000000000e+19 -4.646873519570997620e+10 -4.530989624109168091e+11 2.247101870751693726e+10 1.670584392780200142e+04 4.420066592642343721e+02 -4.727560418527170896e+02
2.900000000000000000e+19 5.375428331734465332e+11 4.796705801440848999e+11 -1.863173665981366730e+10 -1.077601900848931837e+04 1.079634765923952909e+04 5.884477992124135426e+02
4.200000000000000000e+16 1.945754113114865112e+11 -3.971403478937814331e+11 -3.973532252312153816e+09 1.504885319017705842e+04 7.953953866373974051e+03 3.024907486739691649e+02
6.690000000000000000e+15 2.235990168819643860e+11 2.662468002884170151e+10 3.847024625766939545e+10 -7.999168932297667197e+03 2.194137295170993093e+04 1.099750535121421990e+03
1.270000000000000000e+19 3.217970283380541382e+11 1.530278148540753174e+11 1.854605922655167007e+10 -9.237331034632417868e+03 1.746322588374121915e+04 1.794479044782895016e+03
1.290000000000000000e+19 5.529652753631328125e+11 5.209864320496333618e+11 -1.639920814301412964e+10 -6.298537116966466783e+03 9.387942372910383710e+03 1.410039890691359005e+03
5.200000000000000000e+18 1.969638435867066040e+11 -3.586632215755944824e+11 5.093415690125658989e+09 1.427160833992910921e+04 8.727311114369147617e+03 -1.997887011278765002e+01
8.000000000000000000e+18 -2.769806459322891846e+11 -3.899290322095303955e+11 2.277480092996887970e+10 1.231177361909441061e+04 -9.286266817120271298e+03 -3.660402809946231628e+03
1.120000000000000000e+19 4.969454589297028198e+11 -2.261443100585299072e+11 2.818023209797912979e+10 5.715565096060485303e+03 1.381191655665530016e+04 -2.548497643995478938e+03
1.030000000000000000e+19 -2.111865759784050903e+11 2.711856167479755859e+11 1.686201321862224121e+11 -1.740589606358917808e+04 -1.049849091191982006e+04 -4.502630252294004265e+01
1.590000000000000000e+18 -4.189130655319110718e+11 2.307943255100297852e+11 -5.167441933385700226e+09 -1.057520723615262068e+04 -1.026579326510589999e+04 -2.808294909459322298e+03
1.500000000000000000e+19 2.525102646994003906e+11 5.114286371244677734e+11 -3.547952782646405792e+10 -1.256726305888609932e+04 6.796051562102623393e+03 -5.800924348485825277e+01
1.450000000000000000e+17 5.275572487752699585e+11 5.187275549642518921e+11 -9.874944096668212891e+09 -7.376650670752719634e+03 1.206215665842939961e+04 -4.503296565202984993e+02
3.180000000000000000e+18 3.839573815133839722e+11 -9.367747063231304932e+10 -9.844980211011003113e+10 3.688892942476947155e+03 1.682847450416364154e+04 2.896334124095517836e+03
1.190000000000000000e+17 1.397497453287805786e+11 -3.590701622904012451e+11 2.634341165523552704e+10 1.807786625110854948e+04 5.617418991691049996e+03 -1.672101057953564805e+03
1.190000000000000000e+17 2.634686669653174744e+11 3.918277769416834717e+11 -4.361247863088756561e+09 -1.205240110772346998e+04 1.154731773814009102e+04 5.894753540041816677e+02
1.960000000000000000e+18 -2.114980464182321167e+11 2.117603742102026978e+11 4.950153549617829895e+10 -1.663883956488222975e+04 -1.611943304334094137e+04 1.576214130263140987e+03
2.860000000000000000e+19 -2.858784045239558716e+11 2.216721340632677002e+11 -3.881194902221603394e+10 -1.576465864224113102e+04 -1.179526659627387926e+04 3.317274541528524878e+03
3.050000000000000000e+19 2.755527268185024414e+11 -2.263254213770931091e+11 3.478386891887872314e+10 9.535025285222938692e+03 1.737995933718116066e+04 3.234856085871037976e+03
1.500000000000000000e+19 3.570333372782097168e+11 1.112586648794603119e+11 3.365288764442422867e+10 -3.228978052083590228e+03 1.931994240432978040e+04 -9.664965858244833896e+01
1.375000000000000000e+19 -8.798828307020013428e+10 -4.101395033156793823e+11 -9.962641385119557381e+08 1.609776673464367013e+04 -8.845392047381300245e+02 1.543910315178246947e+03
1.700000000000000000e+18 2.228398642849478149e+11 2.589955700311400757e+11 -9.598345591310918808e+09 -1.306927904657760882e+04 1.542031144747027975e+04 8.225627961340453567e+02
5.500000000000000000e+18 2.082490648806445007e+11 -2.568603605704470825e+11 -1.710374137053146839e+09 1.593798768520003978e+04 1.352357024333407026e+04 -1.687599821095058815e+03
5.500000000000000000e+18 4.193147035568682861e+11 2.482460958616218872e+11 4.528410011027692413e+10 -8.136710533467507048e+03 1.374510556857381926e+04 1.263338457820641906e+03
1.260000000000000000e+19 -3.612189404533475342e+11 2.793734672252164917e+11 -1.038261336914682922e+11 -1.204105582159669029e+04 -1.172924888540505890e+04 1.956343028924238979e+03
6.200000000000000000e+18 2.308780328189342957e+11 -4.328634522065708008e+11 -6.190553693603312683e+10 1.345186354288891016e+04 8.553461532685118073e+03 1.114699981231093034e+03
7.920000000000000000e+17 4.991266668612979126e+11 2.214723920467577820e+11 3.831781416284333038e+10 -5.390506551036261044e+03 1.249629326070114075e+04 1.643952853714095909e+03
4.320000000000000000e+18 2.647432689178302917e+11 -2.503260240090307922e+11 -8.015568519073657227e+10 9.102574950947673642e+03 1.651826670832357922e+04 5.583319958915791176e+03
1.300000000000000000e+18 4.831793646843727112e+10 3.224855640019979858e+11 1.686763098013668060e+10 -2.143987468533574793e+04 3.938218965674236188e+03 3.550832102248782007e+02
1.300000000000000000e+18 -2.111200328234057922e+11 -2.786202252407802734e+11 1.711079891633893967e+10 1.570487907916242875e+04 -1.105007554910191902e+04 -1.105495981881253101e+03
3.500000000000000000e+18 -3.042256116553298950e+11 2.906407152690958862e+11 -1.215162259633909035e+10 -1.307426162845456929e+04 -1.044204515919333971e+04 4.181590730508478373e+02
1.800000000000000000e+17 -1.341124469775399017e+11 3.277462102458206787e+11 1.825623716791176987e+10 -1.971324754504423981e+04 -4.955295376251553535e+03 -1.240778994554912060e+02
1.030000000000000000e+18 4.628437999303834534e+10 1.391864069883778992e+11 2.491965886086970940e+07 -2.692981283091719888e+04 1.185374843521134062e+04 -8.453027248991493252e+02
7.500000000000000000e+17 5.878698824898120880e+10 -3.737334335078740234e+11 3.128917956745183182e+10 1.879785948737887884e+04 1.575522210025573941e+03 1.059443138011909923e+03
1.740000000000000000e+18 3.706331264729909668e+11 -4.699647187799655914e+10 -2.250281415314491749e+09 1.134989068948414968e+02 1.935316065213047841e+04 8.190386361973871772e+02
3.700000000000000000e+17 8.199611866026754761e+10 -4.061012980537890625e+11 1.342352565102774048e+10 1.634174924319701131e+04 2.589299111427377284e+03 -9.056535344619549051e+02
3.320000000000000000e+18 -1.787072016507048798e+10 3.670730624323214111e+11 -3.150363311160612106e+10 -1.805533902263933123e+04 5.981540734038678693e+02 -8.539172825749858475e+02
5.870000000000000000e+18 -4.873899162123823242e+11 -1.344642124275806999e+10 5.993034979739846802e+10 1.512842350986431939e+03 -1.551146390409090054e+04 2.161668882109715014e+03
1.270000000000000000e+18 -1.041688797361820984e+11 2.953829571964174805e+11 3.331065188190509033e+10 -2.075595505336337010e+04 -8.183360572641067847e+03 -2.538233009918872085e+03
2.900000000000000000e+18 1.056258720395562935e+10 3.324937194922908936e+11 -2.508251129616286850e+10 -2.107285258745218744e+04 -1.991969498437200855e+03 1.377174855461150855e+03
1.000000000000000000e+19 5.437360771931848755e+11 5.073805333015368042e+11 -1.426746537829432106e+10 -3.715292214116024115e+04 -4.159302750237064174e+03 -7.598689048296938608e+02
2.080000000000000000e+18 5.439746426781680298e+11 5.072856974999439697e+11 -1.426714045367974091e+10 -1.196410481592964970e+04 3.645508025261540024e+04 1.230044542158487957e+03
7.770000000000000000e+17 5.439406556076983032e+11 5.071012380371363525e+11 -1.427620011375451088e+10 8.657258354123510799e+03 2.636634961888851103e+04 1.409611888282973950e+03
8.200000000000000000e+19 1.279970392420438086e+13 5.804897397603915039e+12 -2.724043616372845215e+12 -6.474652116798721408e+02 1.389900285425867878e+03 1.614419414013402957e+03
